-0.0214593913
-0.0014802493
0.5470451117
0.4814452529
1.5013254881
0.7190505266
0.4211803973
-0.7848635316
0.1794749349
-0.6821211576
-1.5750869513
0.0125807012
-2.5664110184
-0.4405289888
-0.3949004710
0.2956391275
-0.1144480482
-0.5757206082
0.7899460793
-0.0646857619
0.5928470492
1.3172482252
-0.1556694210
1.1735420227
2.2806971073
-0.1740846783
1.1942436695
-0.4164011776
1.1757884026
-0.1467814445
-0.1175278947
-1.3964678049
-0.6005835533
0.2013757378
-1.2013592720
0.1668527275
-0.1550340205
0.5339413881
-0.4203406870
0.3851177692
-0.2225480974
1.2141633034
0.1796756238
0.0535460487
0.1902680993
-1.3079496622
0.6914902329
0.4260863066
-2.0341420174
0.9361581802
-0.5139945149
0.5384174585
0.3970160782
-0.1627765894
-0.5294992924
-0.8098887205
0.8480550051
0.0333482698
-0.5567729473
-0.6837288737
0.1458954662
-0.0012646440
-1.3921281099
0.3843913078
0.1252553016
1.1484837532
1.8172918558
1.5204348564
0.9474390745
0.8614599109
0.4024992287
0.2917346358
1.5108234882
-0.0411363617
0.2219993025
-0.0430364795
0.3739817142
-0.9347124100
-0.6802485585
-0.2478639036
0.5750827193
-1.4439232349
-0.5073271990
-0.5725737810
0.5392265320
-0.7113540173
-0.0919067040
-0.4349598289
-0.1257289946
2.2339255810
-0.8504073024
-0.8284285069
-0.7073933482
-0.1531928927
0.8813839555
-0.1041262746
0.3433305025
-0.0182498898
-0.2681550384
1.5443695784
0.6628721952
0.2390398234
1.0792992115
-0.3266056180
2.1451749802
-0.3976570964
0.3975051641
0.1919318438
0.2858785391
-0.8818081021
0.7421544194
0.0120486971
-0.7837406993
-0.5125686526
-0.0939346775
0.8555323482
-0.8185329437
-1.2888938189
0.9936258793
-0.0669320151
1.2989509106
1.3229029179
0.8869275451
-0.7821890116
0.1911752522
0.2102257460
0.2020889521
1.1079901457
-0.1226803362
-0.4399372041
1.5441159010
1.6365612745
0.5042644739
-0.2043489069
-0.1539660096
0.3715601563
0.6490746737
0.0679440126
1.3652081490
1.8971463442
0.8185148835
-0.9315988421
-0.3577871919
0.1083479151
-0.9947437048
0.0491503328
0.0018779739
0.2115285695
0.7258448601
0.1536457539
-1.1888399124
1.3512498140
0.2480115443
0.1038240343
0.1240462810
-0.8277654648
0.0244827941
-0.4305581152
2.1632540226
0.0931296721
-2.8694567680
-0.6081845760
1.6453167200
-0.7111933827
-0.3148458898
0.3583424091
0.1760420948
-0.1177520454
